Buffer0:
Color_Extent                               1280.00, 720.00            144 float2
Color_ExtentInverse                        0.00078, 0.00139           152 float2
Color_UVViewportBilinearMin                0.00039, 0.00069           240 float2
Color_UVViewportBilinearMax                0.99961, 0.99931           248 float2
EyeAdaptation_HistogramScale               0.08333                    404 float
EyeAdaptation_HistogramBias                0.66667                    408 float
EyeAdaptation_LuminanceMin                 0.00391                    412 float
EyeAdaptation_LuminanceWeights             0.33333, 0.33333, 0.33333  432 float3
LocalExposure_HighlightContrastScale       1.10                       512 float
LocalExposure_ShadowContrastScale          0.90                       516 float
LocalExposure_DetailStrength               1.00                       520 float
LocalExposure_BlurredLuminanceBlend        0.60                       524 float
LocalExposure_MiddleGreyExposureCompensation 1.00                       528 float
LocalExposure_ToonHighlightContrastScale   1.00                       532 float
LocalExposure_ToonShadowContrastScale      1.00                       536 float
LocalExposure_BilateralGridUVScale         1.00, 0.9375               544 float2
LocalExposure_HighlightThreshold           0.00                       552 float
LocalExposure_ShadowThreshold              0.00                       556 float
ColorToBloom                               1.00, 1.00, 0.00, 0.00     576 float4
BloomUVViewportBilinearMin                 0.00078, 0.00139           592 float2
BloomUVViewportBilinearMax                 0.99922, 0.99861           600 float2
ColorScale0                                0.87851, 0.92326, 1.00, 1.00 704 float4
BloomDirtMaskTint                          0.00, 0.00, 0.00, 1.00     720 float4
TonemapperParams                           0.40, 0.05833, 0.00, 0.00  752 float4
LensPrincipalPointOffsetScale              0.00, 0.00, 1.00, 1.00     768 float4
LUTScale                                   0.96875                    808 float
LUTOffset                                  0.01563                    812 float
EditorNITLevel                             160.00                     816 float
BackbufferQuantizationDithering            0.00098                    820 float
bOutputInHDR                               0                          824 int
SceneUVToLightingChannelsUV                1.00, 1.00, 0.00, 0.00     896 float4

Buffer1:
View                                                                                                  0    FViewConstants
TranslatedWorldToClip                            {-3.64276, 0.06199, 0.00, -0.21713}
{-0.81149, -0.27843, 0.00, 0.97519}
{-0.00002, 6.62862, 0.00, 0.0431}
{0.00, 0.00, 10.00, 0.00} 0    float4x4 (row_major)
RelativeWorldToClip                              {-3.64276, 0.06199, 0.00, -0.21713}
{-0.81149, -0.27843, 0.00, 0.97519}
{-0.00002, 6.62862, 0.00, 0.0431}
{-0.005, -0.00156, 10.00, 0.00587} 64   float4x4 (row_major)
ClipToRelativeWorld                              {-0.26154, -0.05823, -5.94967E-17, 0.00}
{0.00141, -0.00634, 0.15058, 0.00}
{-2.95200E-06, -0.0006, -1.76038E-06, 0.10}
{-0.21724, 0.97517, 0.04299, 0.00} 128  float4x4 (row_major)
TranslatedWorldToView                            {-0.9761, 0.00937, -0.21713, 0.00}
{-0.21734, -0.04207, 0.97519, 0.00}
{-2.22045E-16, 0.99907, 0.0431, 0.00}
{0.00, 0.00, 0.00, 1.00} 192  float4x4 (row_major)
ViewToTranslatedWorld                            {-0.9761, -0.21734, -2.22045E-16, 0.00}
{0.00937, -0.04207, 0.99907, 0.00}
{-0.21713, 0.97519, 0.0431, 0.00}
{0.00, 0.00, 0.00, 1.00} 256  float4x4 (row_major)
TranslatedWorldToCameraView                      {-0.9761, 0.00937, -0.21713, 0.00}
{-0.21734, -0.04207, 0.97519, 0.00}
{-2.22045E-16, 0.99907, 0.0431, 0.00}
{0.00, 0.00, 0.00, 1.00} 320  float4x4 (row_major)
CameraViewToTranslatedWorld                      {-0.9761, -0.21734, -2.22045E-16, 0.00}
{0.00937, -0.04207, 0.99907, 0.00}
{-0.21713, 0.97519, 0.0431, 0.00}
{0.00, 0.00, 0.00, 1.00} 384  float4x4 (row_major)
ViewToClip                                       {3.73205, 0.00, 0.00, 0.00}
{0.00, 6.63476, 0.00, 0.00}
{-0.00039, 0.00069, 0.00, 1.00}
{0.00, 0.00, 10.00, 0.00} 448  float4x4 (row_major)
ViewToClipNoAA                                   {3.73205, 0.00, 0.00, 0.00}
{0.00, 6.63476, 0.00, 0.00}
{0.00, 0.00, 0.00, 1.00}
{0.00, 0.00, 10.00, 0.00} 512  float4x4 (row_major)
ClipToView                                       {0.26795, 0.00, 0.00, 0.00}
{0.00, 0.15072, 0.00, 0.00}
{0.00, 0.00, 0.00, 0.10}
{0.0001, -0.0001, 1.00, 0.00} 576  float4x4 (row_major)
ClipToTranslatedWorld                            {-0.26154, -0.05823, -5.94967E-17, 0.00}
{0.00141, -0.00634, 0.15058, 0.00}
{0.00, 0.00, 0.00, 0.10}
{-0.21724, 0.97517, 0.04299, 0.00} 640  float4x4 (row_major)
SVPositionToTranslatedWorld                      {-0.00041, -0.00009, -9.29635E-20, 0.00}
{-3.92148E-06, 0.00002, -0.00042, 0.00}
{0.00, 0.00, 0.00, 0.10}
{0.04572, 1.02707, 0.19357, 0.00} 704  float4x4 (row_major)
ScreenToRelativeWorld                            {-0.26154, -0.05823, -5.94967E-17, 0.00}
{0.00141, -0.00634, 0.15058, 0.00}
{-0.21724, 0.97517, 0.04299, 0.00}
{-0.00003, -0.00603, -0.00002, 1.00} 768  float4x4 (row_major)
ScreenToTranslatedWorld                          {-0.26154, -0.05823, -5.94967E-17, 0.00}
{0.00141, -0.00634, 0.15058, 0.00}
{-0.21724, 0.97517, 0.04299, 0.00}
{0.00, 0.00, 0.00, 1.00} 832  float4x4 (row_major)
MobileMultiviewShadowTransform                   {-0.26154, -0.05823, -5.94967E-17, 0.00}
{0.00141, -0.00634, 0.15058, 0.00}
{-0.21724, 0.97517, 0.04299, 0.00}
{-1679.21399, 263553.53125, 4808.97607, 1.00} 896  float4x4 (row_major)
ViewOriginHigh                                   -1679.21399, 263553.53125, 4808.97607              960  float3
Padding972                                       0.00                                               972  float
ViewForward                                      -0.21713, 0.97519, 0.0431                          976  float3
Padding988                                       0.00                                               988  float
ViewUp                                           0.00937, -0.04207, 0.99907                         992  float3
Padding1004                                      0.00                                               1004 float
ViewRight                                        -0.9761, -0.21734, -2.22045E-16                    1008 float3
Padding1020                                      0.00                                               1020 float
HMDViewNoRollUp                                  0.00937, -0.04207, 0.99907                         1024 float3
Padding1036                                      0.00                                               1036 float
HMDViewNoRollRight                               -0.9761, -0.21734, -2.22045E-16                    1040 float3
Padding1052                                      0.00                                               1052 float
InvDeviceZToWorldZTransform                      0.00, 0.00, 0.10, -1.00000E-08                     1056 float4
ScreenPositionScaleBias                          0.50, -0.50, 0.50, 0.50                            1072 float4
ViewOriginLow                                    -0.00003, -0.00603, -0.00002                       1088 float3
Padding1100                                      0.00                                               1100 float
TranslatedWorldCameraOrigin                      0.00, 0.00, 0.00                                   1104 float3
Padding1116                                      0.00                                               1116 float
WorldViewOriginHigh                              -1679.21399, 263553.53125, 4808.97607              1120 float3
Padding1132                                      0.00                                               1132 float
WorldViewOriginLow                               0.00, 0.00, 0.00                                   1136 float3
Padding1148                                      0.00                                               1148 float
PreViewTranslationHigh                           1679.21399, -263553.53125, -4808.97607             1152 float3
Padding1164                                      0.00                                               1164 float
PreViewTranslationLow                            0.00003, 0.00603, 0.00002                          1168 float3
Padding1180                                      0.00                                               1180 float
PrevViewToClip                                   {3.73205, 0.00, 0.00, 0.00}
{0.00, 6.63476, 0.00, 0.00}
{0.00039, -0.00069, 0.00, 1.00}
{0.00, 0.00, 10.00, 0.00} 1184 float4x4 (row_major)
PrevClipToView                                   {0.26795, 0.00, 0.00, 0.00}
{0.00, 0.15072, 0.00, 0.00}
{0.00, 0.00, 0.00, 0.10}
{-0.0001, 0.0001, 1.00, 0.00} 1248 float4x4 (row_major)
PrevTranslatedWorldToClip                        {-3.64293, 0.0623, 0.00, -0.21713}
{-0.81073, -0.27978, 0.00, 0.97519}
{0.00002, 6.62856, 0.00, 0.0431}
{0.00, 0.00, 10.00, 0.00} 1312 float4x4 (row_major)
PrevTranslatedWorldToView                        {-0.9761, 0.00937, -0.21713, 0.00}
{-0.21734, -0.04207, 0.97519, 0.00}
{-2.18575E-16, 0.99907, 0.0431, 0.00}
{0.00, 0.00, 0.00, 1.00} 1376 float4x4 (row_major)
PrevViewToTranslatedWorld                        {-0.9761, -0.21734, -2.18575E-16, 0.00}
{0.00937, -0.04207, 0.99907, 0.00}
{-0.21713, 0.97519, 0.0431, 0.00}
{0.00, 0.00, 0.00, 1.00} 1440 float4x4 (row_major)
PrevTranslatedWorldToCameraView                  {-0.9761, 0.00937, -0.21713, 0.00}
{-0.21734, -0.04207, 0.97519, 0.00}
{-2.18575E-16, 0.99907, 0.0431, 0.00}
{0.00, 0.00, 0.00, 1.00} 1504 float4x4 (row_major)
PrevCameraViewToTranslatedWorld                  {-0.9761, -0.21734, -2.18575E-16, 0.00}
{0.00937, -0.04207, 0.99907, 0.00}
{-0.21713, 0.97519, 0.0431, 0.00}
{0.00, 0.00, 0.00, 1.00} 1568 float4x4 (row_major)
PrevTranslatedWorldCameraOrigin                  0.00, 0.00, 0.00                                   1632 float3
Padding1644                                      0.00                                               1644 float
PrevWorldCameraOriginHigh                        -1679.21594, 263553.53125, 4808.97559              1648 float3
Padding1660                                      0.00                                               1660 float
PrevWorldCameraOriginLow                         9.60564E-06, 0.00352, 0.00022                      1664 float3
Padding1676                                      0.00                                               1676 float
PrevWorldViewOriginHigh                          -1679.21594, 263553.53125, 4808.97559              1680 float3
Padding1692                                      0.00                                               1692 float
PrevWorldViewOriginLow                           9.60564E-06, 0.00352, 0.00022                      1696 float3
Padding1708                                      0.00                                               1708 float
PrevPreViewTranslationHigh                       1679.21594, -263553.53125, -4808.97559             1712 float3
Padding1724                                      0.00                                               1724 float
PrevPreViewTranslationLow                        -9.60564E-06, -0.00352, -0.00022                   1728 float3
Padding1740                                      0.00                                               1740 float
ViewTilePosition                                 0.00, 0.00, 0.00                                   1744 float3
Padding1756                                      0.00                                               1756 float
RelativeWorldCameraOriginTO                      -1679.21399, 263553.53125, 4808.97607              1760 float3
Padding1772                                      0.00                                               1772 float
RelativeWorldViewOriginTO                        -1679.21399, 263553.53125, 4808.97607              1776 float3
Padding1788                                      0.00                                               1788 float
RelativePreViewTranslationTO                     1679.21399, -263553.53125, -4808.97607             1792 float3
Padding1804                                      0.00                                               1804 float
PrevRelativeWorldCameraOriginTO                  -1679.21594, 263553.53125, 4808.97559              1808 float3
Padding1820                                      0.00                                               1820 float
PrevRelativeWorldViewOriginTO                    -1679.21594, 263553.53125, 4808.97559              1824 float3
Padding1836                                      0.00                                               1836 float
RelativePrevPreViewTranslationTO                 1679.21594, -263553.53125, -4808.97559             1840 float3
Padding1852                                      0.00                                               1852 float
PrevClipToRelativeWorld                          {-0.26154, -0.05823, -5.85670E-17, 0.00}
{0.00141, -0.00634, 0.15058, 0.00}
{-0.00019, 0.00035, -0.00003, 0.10}
{-0.21703, 0.97521, 0.0432, 0.00} 1856 float4x4 (row_major)
PrevScreenToTranslatedWorld                      {-0.26154, -0.05823, -5.85670E-17, 0.00}
{0.00141, -0.00634, 0.15058, 0.00}
{-0.21703, 0.97521, 0.0432, 0.00}
{0.00, 0.00, 0.00, 1.00} 1920 float4x4 (row_major)
ClipToPrevClip                                   {1.00, 5.31794E-17, 0.00, -2.03792E-16}
{-2.22203E-17, 1.00, 0.00, -2.60209E-18}
{0.00008, 0.00045, 1.00, -0.00097}
{3.96165E-15, 1.11022E-16, 0.00, 1.00} 1984 float4x4 (row_major)
ClipToPrevClipWithAA                             {1.00, 5.31812E-17, 0.00, -2.03792E-16}
{-2.27924E-17, 1.00, 0.00, -2.60209E-18}
{0.00008, 0.00045, 1.00, -0.00097}
{0.00078, -0.00139, 0.00, 1.00} 2048 float4x4 (row_major)
TemporalAAJitter                                 -0.00039, 0.00069, 0.00039, -0.00069               2112 float4
GlobalClippingPlane                              0.00, 0.00, 0.00, 0.00                             2128 float4
FieldOfViewWideAngles                            0.5236, 0.29919                                    2144 float2
PrevFieldOfViewWideAngles                        0.5236, 0.29919                                    2152 float2
ViewRectMin                                      0.00, 0.00, 0.00, 0.00                             2160 float4
ViewSizeAndInvSize                               1280.00, 720.00, 0.00078, 0.00139                  2176 float4
ViewRectMinAndSize                               0, 0, 1280, 720                                    2192 int4
LightProbeSizeRatioAndInvSizeRatio               1.00, 1.00, 1.00, 1.00                             2208 float4
BufferSizeAndInvSize                             1280.00, 720.00, 0.00078, 0.00139                  2224 float4
BufferBilinearUVMinMax                           0.00039, 0.00069, 0.99961, 0.99931                 2240 float4
ScreenToViewSpace                                0.5359, -0.30144, -0.26795, 0.15072                2256 float4
BufferToSceneTextureScale                        1.00, 1.00                                         2272 float2
ResolutionFractionAndInv                         1.00, 1.00                                         2280 float2
NumSceneColorMSAASamples                         1                                                  2288 int
ProjectionDepthThicknessScale                    1.00                                               2292 float
PreExposure                                      0.91828                                            2296 float
OneOverPreExposure                               1.089                                              2300 float
DiffuseOverrideParameter                         0.00, 0.00, 0.00, 1.00                             2304 float4
SpecularOverrideParameter                        0.00, 0.00, 0.00, 1.00                             2320 float4
NormalOverrideParameter                          0.00, 0.00, 0.00, 1.00                             2336 float4
RoughnessOverrideParameter                       0.00, 1.00                                         2352 float2
PrevFrameGameTime                                681.4198                                           2360 float
PrevFrameRealTime                                692.02045                                          2364 float
OutOfBoundsMask                                  0.00                                               2368 float
Padding2372                                      0.00                                               2372 float
Padding2376                                      0.00                                               2376 float
Padding2380                                      0.00                                               2380 float
WorldCameraMovementSinceLastFrame                0.00191, -0.00955, 0.00025                         2384 float3
CullingSign                                      1.00                                               2396 float
NearPlane                                        10.00                                              2400 float
GameTime                                         681.43762                                          2404 float
RealTime                                         692.03827                                          2408 float
DeltaTime                                        0.01781                                            2412 float
MaterialTextureMipBias                           0.00                                               2416 float
MaterialTextureDerivativeMultiply                1.00                                               2420 float
Random                                           2853                                               2424 int
FrameNumber                                      36427                                              2428 int
FrameCounter                                     621430                                             2432 int
StateFrameIndexMod8                              2                                                  2436 int
StateFrameIndex                                  47610                                              2440 int
DebugViewModeMask                                0                                                  2444 int
WorldIsPaused                                    0                                                  2448 int
CameraCut                                        0.00                                               2452 float
UnlitViewmodeMask                                0.00                                               2456 float
Padding2460                                      0.00                                               2460 float
DirectionalLightColor                            1.82801, 1.36215, 0.93364, 1.7507                  2464 float4
DirectionalLightDirection                        0.34883, -0.64269, 0.68211                         2480 float3
Padding2492                                      0.00                                               2492 float
TranslucencyLightingVolumeMin                                                                       2496 float4[2]
TranslucencyLightingVolumeInvSize                                                                   2528 float4[2]
TemporalAAParams                                 0.00, 2.00, -0.25, -0.25                           2560 float4
CircleDOFParams                                  0.00, 1.00, 0.00, 0.00                             2576 float4
DepthOfFieldSensorWidth                          24.576                                             2592 float
DepthOfFieldFocalDistance                        0.00                                               2596 float
DepthOfFieldScale                                0.00                                               2600 float
DepthOfFieldFocalLength                          50.00                                              2604 float
DepthOfFieldFocalRegion                          0.00                                               2608 float
DepthOfFieldNearTransitionRegion                 300.00                                             2612 float
DepthOfFieldFarTransitionRegion                  500.00                                             2616 float
MotionBlurNormalizedToPixel                      64.00                                              2620 float
GeneralPurposeTweak                              1.00                                               2624 float
GeneralPurposeTweak2                             1.00                                               2628 float
DemosaicVposOffset                               0.00                                               2632 float
DecalDepthBias                                   0.005                                              2636 float
IndirectLightingColorScale                       1.00, 1.00, 1.00                                   2640 float3
Padding2652                                      0.00                                               2652 float
PrecomputedIndirectLightingColorScale            1.00, 1.00, 1.00                                   2656 float3
Padding2668                                      0.00                                               2668 float
PrecomputedIndirectSpecularColorScale            1.00, 1.00, 1.00                                   2672 float3
Padding2684                                      0.00                                               2684 float
AtmosphereLightDirection                                                                            2688 float4[2]
AtmosphereLightIlluminanceOnGroundPostTransmittance                                                    2720 float4[2]
AtmosphereLightIlluminanceOuterSpace                                                                2752 float4[2]
AtmosphereLightDiscLuminance                                                                        2784 float4[2]
AtmosphereLightDiscCosHalfApexAngle_PPTrans                                                         2816 float4[2]
SkyViewLutSizeAndInvSize                         1.00, 1.00, 1.00, 1.00                             2848 float4
SkyCameraTranslatedWorldOrigin                   0.00, 0.00, 0.00                                   2864 float3
Padding2876                                      0.00                                               2876 float
SkyPlanetTranslatedWorldCenterAndViewHeight      0.00, 0.00, 0.00, 0.00                             2880 float4
SkyViewLutReferential                            {1.00, 0.00, 0.00, 0.00}
{0.00, 1.00, 0.00, 0.00}
{0.00, 0.00, 1.00, 0.00}
{0.00, 0.00, 0.00, 1.00} 2896 float4x4 (row_major)
SkyAtmosphereSkyLuminanceFactor                  1.00, 1.00, 1.00, 1.00                             2960 float4
SkyAtmospherePresentInScene                      0.00                                               2976 float
SkyAtmosphereHeightFogContribution               0.00                                               2980 float
SkyAtmosphereBottomRadiusKm                      1.00                                               2984 float
SkyAtmosphereTopRadiusKm                         1.00                                               2988 float
SkyAtmosphereCameraAerialPerspectiveVolumeSizeAndInvSize 1.00, 1.00, 1.00, 1.00                             2992 float4
SkyAtmosphereAerialPerspectiveStartDepthKm       1.00                                               3008 float
SkyAtmosphereCameraAerialPerspectiveVolumeDepthResolution 1.00                                               3012 float
SkyAtmosphereCameraAerialPerspectiveVolumeDepthResolutionInv 1.00                                               3016 float
SkyAtmosphereCameraAerialPerspectiveVolumeDepthSliceLengthKm 1.00                                               3020 float
SkyAtmosphereCameraAerialPerspectiveVolumeDepthSliceLengthKmInv 1.00                                               3024 float
SkyAtmosphereApplyCameraAerialPerspectiveVolume  0.00                                               3028 float
Padding3032                                      0.00                                               3032 float
Padding3036                                      0.00                                               3036 float
NormalCurvatureToRoughnessScaleBias              1.00, 0.00, 0.333                                  3040 float3
RenderingReflectionCaptureMask                   0.00                                               3052 float
RealTimeReflectionCapture                        0.00                                               3056 float
RealTimeReflectionCapturePreExposure             1.00                                               3060 float
Padding3064                                      0.00                                               3064 float
Padding3068                                      0.00                                               3068 float
AmbientCubemapTint                               0.0103, 0.01524, 0.0203, 1.00                      3072 float4
AmbientCubemapIntensity                          1.00                                               3088 float
SkyLightApplyPrecomputedBentNormalShadowingFlag  0.00                                               3092 float
SkyLightAffectReflectionFlag                     1.00                                               3096 float
SkyLightAffectGlobalIlluminationFlag             1.00                                               3100 float
SkyLightColor                                    1.04081, 1.11811, 1.31943, 1.50                    3104 float4
SkyLightVolumetricScatteringIntensity            1.00                                               3120 float
Padding3124                                      0.00                                               3124 float
Padding3128                                      0.00                                               3128 float
Padding3132                                      0.00                                               3132 float
MobileSkyIrradianceEnvironmentMap                                                                   3136 float4[8]
MobilePreviewMode                                0.00                                               3264 float
HMDEyePaddingOffset                              1.00                                               3268 float
ReflectionCubemapMaxMip                          7.00                                               3272 float
ShowDecalsMask                                   1.00                                               3276 float
DistanceFieldAOSpecularOcclusionMode             1                                                  3280 int
IndirectCapsuleSelfShadowingIntensity            0.80                                               3284 float
Padding3288                                      0.00                                               3288 float
Padding3292                                      0.00                                               3292 float
ReflectionEnvironmentRoughnessMixingScaleBiasAndLargestWeight 5.00, -0.50, 10000.00                              3296 float3
Padding3308                                      0.00                                               3308 float
MobileScreenSpaceReflectionParameter             15.00, 35.00, 10000.00, 0.00                       3312 float4
StereoPassIndex                                  0                                                  3328 int
Padding3332                                      0                                                  3332 int
Padding3336                                      0                                                  3336 int
Padding3340                                      0                                                  3340 int
GlobalVolumeTranslatedCenterAndExtent                                                               3344 float4[6]
GlobalVolumeTranslatedWorldToUVAddAndMul                                                            3440 float4[6]
GlobalDistanceFieldMipTranslatedWorldToUVScale                                                      3536 float4[6]
GlobalDistanceFieldMipTranslatedWorldToUVBias                                                       3632 float4[6]
GlobalDistanceFieldMipFactor                     1.00                                               3728 float
GlobalDistanceFieldMipTransition                 0.00                                               3732 float
GlobalDistanceFieldClipmapSizeInPages            1                                                  3736 int
Padding3740                                      0                                                  3740 int
GlobalDistanceFieldInvPageAtlasSize              1.00, 1.00, 1.00                                   3744 float3
Padding3756                                      0.00                                               3756 float
GlobalDistanceFieldInvCoverageAtlasSize          1.00, 1.00, 1.00                                   3760 float3
GlobalVolumeDimension                            0.00                                               3772 float
GlobalVolumeTexelSize                            0.00                                               3776 float
MaxGlobalDFAOConeDistance                        0.00                                               3780 float
NumGlobalSDFClipmaps                             0                                                  3784 int
CoveredExpandSurfaceScale                        0.00                                               3788 float
NotCoveredExpandSurfaceScale                     0.00                                               3792 float
NotCoveredMinStepScale                           0.00                                               3796 float
DitheredTransparencyStepThreshold                0.00                                               3800 float
DitheredTransparencyTraceThreshold               0.00                                               3804 float
CursorPosition                                   640, 360                                           3808 int2
bCheckerboardSubsurfaceProfileRendering          0.00                                               3816 float
Padding3820                                      0.00                                               3820 float
VolumetricFogInvGridSize                         0.00, 0.00, 0.00                                   3824 float3
Padding3836                                      0.00                                               3836 float
VolumetricFogGridZParams                         0.00, 0.00, 0.00                                   3840 float3
Padding3852                                      0.00                                               3852 float
VolumetricFogSVPosToVolumeUV                     0.00, 0.00                                         3856 float2
VolumetricFogViewGridUVToPrevViewRectUV          1.00, 1.02222                                      3864 float2
VolumetricFogPrevViewGridRectUVToResourceUV      1.00, 1.00                                         3872 float2
VolumetricFogPrevUVMax                           1.00, 1.00                                         3880 float2
VolumetricFogPrevUVMaxForTemporalBlend           1.00, 1.00                                         3888 float2
VolumetricFogScreenToResourceUV                  1.00, 0.97826                                      3896 float2
VolumetricFogUVMax                               0.98672, 0.9769                                    3904 float2
VolumetricFogMaxDistance                         0.00                                               3912 float
RaymarchFogMaxDistance                           0.00                                               3916 float
RaymarchFogSoftBlendingDistance                  0.00                                               3920 float
Padding3924                                      0.00                                               3924 float
Padding3928                                      0.00                                               3928 float
Padding3932                                      0.00                                               3932 float
VolumetricLightmapWorldToUVScale                 0.00, 0.00, 0.00                                   3936 float3
Padding3948                                      0.00                                               3948 float
VolumetricLightmapWorldToUVAdd                   0.00, 0.00, 0.00                                   3952 float3
Padding3964                                      0.00                                               3964 float
VolumetricLightmapIndirectionTextureSize         0.00, 0.00, 0.00                                   3968 float3
VolumetricLightmapBrickSize                      0.00                                               3980 float
VolumetricLightmapBrickTexelSize                 0.00, 0.00, 0.00                                   3984 float3
IndirectLightingCacheShowFlag                    1.00                                               3996 float
EyeToPixelSpreadAngle                            0.00074                                            4000 float
Padding4004                                      0.00                                               4004 float
Padding4008                                      0.00                                               4008 float
Padding4012                                      0.00                                               4012 float
XRPassthroughCameraUVs                                                                              4016 float4[2]
GlobalVirtualTextureMipBias                      0.00                                               4048 float
VirtualTextureFeedbackShift                      4                                                  4052 int
VirtualTextureFeedbackMask                       15                                                 4056 int
VirtualTextureFeedbackStride                     80                                                 4060 int
VirtualTextureFeedbackJitterOffset               63                                                 4064 int
VirtualTextureFeedbackSampleOffset               435                                                4068 int
Padding4072                                      0                                                  4072 int
Padding4076                                      0                                                  4076 int
RuntimeVirtualTextureMipLevel                    0.00, 0.00, 0.00, 0.00                             4080 float4
RuntimeVirtualTexturePackHeight                  0.00, 0.00                                         4096 float2
Padding4104                                      0.00                                               4104 float
Padding4108                                      0.00                                               4108 float
RuntimeVirtualTextureDebugParams                 0.00, 0.00, 0.00, 0.00                             4112 float4
FarShadowStaticMeshLODBias                       0                                                  4128 int
MinRoughness                                     0.02                                               4132 float
Padding4136                                      0.00                                               4136 float
Padding4140                                      0.00                                               4140 float
HairRenderInfo                                   0.00019, 0.00037, 0.00056, 0.03906                 4144 float4
EnableSkyLight                                   0                                                  4160 int
HairRenderInfoBits                               0                                                  4164 int
HairComponents                                   31                                                 4168 int
bSubsurfacePostprocessEnabled                    1.00                                               4172 float
SSProfilesTextureSizeAndInvSize                  66.00, 64.00, 0.01515, 0.01563                     4176 float4
SSProfilesPreIntegratedTextureSizeAndInvSize     1.00, 1.00, 1.00, 1.00                             4192 float4
SpecularProfileTextureSizeAndInvSize             1.00, 1.00, 1.00, 1.00                             4208 float4
PhysicsFieldClipmapCenter                        0.00, 0.00, 0.00                                   4224 float3
PhysicsFieldClipmapDistance                      10000.00                                           4236 float
PhysicsFieldClipmapResolution                    32                                                 4240 int
PhysicsFieldClipmapExponent                      2                                                  4244 int
PhysicsFieldClipmapCount                         4                                                  4248 int
PhysicsFieldTargetCount                          20                                                 4252 int
PhysicsFieldTargets                                                                                 4256 int4[32]
GPUSceneViewId                                   0                                                  4768 int
ViewResolutionFraction                           1.00                                               4772 float
SubSurfaceColorAsTransmittanceAtDistanceInMeters 0.15                                               4776 float
Padding4780                                      0.00                                               4780 float
TanAndInvTanHalfFOV                              0.26795, 0.15072, 3.73205, 6.63476                 4784 float4
PrevTanAndInvTanHalfFOV                          0.26795, 0.15072, 3.73205, 6.63476                 4800 float4
WorldDepthToPixelWorldRadius                     0.00021, 0.00                                      4816 float2
Padding4824                                      0.00                                               4824 float
Padding4828                                      0.00                                               4828 float
ScreenRayLengthMultiplier                        0.26795, 0.15072, 0.00, 0.00                       4832 float4
GlintLUTParameters0                              0.00, 0.00, 0.00, 0.00                             4848 float4
GlintLUTParameters1                              0.00, 0.00, 0.00, 0.00                             4864 float4
EnvironmentComponentsFlags                       96, 0, 0, 0                                        4880 int4
BindlessSampler_MaterialTextureBilinearWrapedSampler -335330816                                         4896 int
Padding4900                                      504                                                4900 int
BindlessSampler_MaterialTextureBilinearClampedSampler -1116280608                                        4904 int
Padding4908                                      504                                                4908 int
BindlessSRV_VolumetricLightmapIndirectionTexture -1166252288                                        4912 int
Padding4916                                      504                                                4916 int
BindlessSRV_VolumetricLightmapBrickAmbientVector -1166250752                                        4920 int
